$ANSIBLE_VAULT;1.1;AES256
30616336303333613262313031386335316638623265653135343238363332653337626139323065
3236393535326339353166366162366565383036383165320a346362346366333763393737333265
38333964663837306533636430613461373964396230326361376339323062663536656531353332
6339313636346337620a353665663362306234316633323339633636656332653535393538623562
32646239613862326430326336633030323662376162346537356539333638313837663665366332
36303833636537616131656466653738393732323765333535353735376232383537336661323866
37393239333830393032633932633732306233346466376663373962623834623765623631393035
34623964313562373739373164303733323266383165316237343261393761363965343265363863
35326535656262656331343230653064326131623563393862663763373338653035383263636638
62323431653761323336336433376232613439333930663535643736356231656163303834343962
30386338386364343330663636633130326264373634643339313266666161616532303466373461
39316666633037613238323162323032343462363063313136663732646338313937383236393864
65373362386339623462396637373839353635326135663262323934353364343930373937373239
63623266336361373838306566613530343331623233323235306361303636653163643335373566
33393731653735646437353166363261343265343439616563336137646463303765353164373833
64666163363933353064623537376634633039366435386162623332373034393961393661366130
35383065353164316431383034343863303662343738626435656462343337356366383262306463
34663931393739626165313937336538313666653362383063643163666537636430343834643834
33646430666466323638393833366133613039333235333164653437396639346432323664336233
31616636643337396137623237616136643766323066303163306366343866333038383536373631
34646331366532613962396263383366323535333731643362636562303735323537383334616334
62356532386632353038303466303632663932626162663438616362636631326339356330653565
34616431393939616366336562343437396661306565613833383265653430306338383434326161
39613633316333633764623030323031373632376664626662633466633234653766343035313333
62356337626538636166353663643332643332666431323763633461653839623738636531353634
37323934383939656465373830633138313361656265643736643630353730616434666136623266
34363237356135633832306466633931623866343031343936346338633334333965313461313063
30313035363139326533366665393738326637383436643266393763613061643563343765323963
6462
